# Sol. Analítica    Sol. Exacta
85.000000 0.000000
85.075377 0.000000
85.150754 0.000000
85.226131 0.000000
85.301508 0.000000
85.376884 0.000000
85.452261 0.000000
85.527638 0.000000
85.603015 0.000000
85.678392 0.000000
85.753769 0.000000
85.829146 0.000000
85.904523 0.000000
85.979899 0.000000
86.055276 0.000000
86.130653 0.000000
86.206030 0.000000
86.281407 0.000000
86.356784 0.000000
86.432161 0.000000
86.507538 0.000000
86.582915 0.000000
86.658291 0.000000
86.733668 0.000000
86.809045 0.000000
86.884422 0.000000
86.959799 0.000000
87.035176 0.000000
87.110553 0.000000
87.185930 0.000000
87.261307 0.000000
87.336683 0.000000
87.412060 0.000000
87.487437 0.000000
87.562814 0.000000
87.638191 0.000000
87.713568 0.000000
87.788945 0.000000
87.864322 0.000000
87.939698 0.000000
88.015075 0.000000
88.090452 0.000000
88.165829 0.000000
88.241206 0.000000
88.316583 0.000000
88.391960 0.000000
88.467337 0.000000
88.542714 0.000000
88.618090 0.000000
88.693467 0.000000
88.768844 0.000000
88.844221 0.000000
88.919598 0.000000
88.994975 0.000000
89.070352 0.000000
89.145729 0.000000
89.221106 0.000000
89.296482 0.000000
89.371859 0.000000
89.447236 0.000000
89.522613 0.000000
89.597990 0.000000
89.673367 0.000000
89.748744 0.000000
89.824121 0.000000
89.899497 0.000000
89.974874 0.000000
90.050251 0.000000
90.125628 0.000000
90.201005 0.000000
90.276382 0.000000
90.351759 0.000000
90.427136 0.000000
90.502513 0.000000
90.577889 0.000000
90.653266 0.000000
90.728643 0.000000
90.804020 0.000000
90.879397 0.000000
90.954774 0.000000
91.030151 0.000000
91.105528 0.000000
91.180905 0.000000
91.256281 0.000000
91.331658 0.000000
91.407035 0.000000
91.482412 0.000000
91.557789 0.000000
91.633166 0.000000
91.708543 0.000000
91.783920 0.000000
91.859296 0.000000
91.934673 0.000000
92.010050 0.000000
92.085427 0.000000
92.160804 0.000000
92.236181 0.000000
92.311558 0.000000
92.386935 0.000000
92.462312 0.000000
92.537688 0.000000
92.613065 0.000000
92.688442 0.000000
92.763819 0.000000
92.839196 0.000000
92.914573 0.000000
92.989950 0.000000
93.065327 0.000000
93.140704 0.000000
93.216080 0.000000
93.291457 0.000000
93.366834 0.000000
93.442211 0.000000
93.517588 0.000000
93.592965 0.000000
93.668342 0.000000
93.743719 0.000000
93.819095 0.000000
93.894472 0.000000
93.969849 0.000000
94.045226 0.000000
94.120603 0.000000
94.195980 0.000000
94.271357 0.000000
94.346734 0.000000
94.422111 0.000000
94.497487 0.000000
94.572864 0.000000
94.648241 0.000000
94.723618 0.000000
94.798995 0.000000
94.874372 0.000000
94.949749 0.000000
95.025126 0.000000
95.100503 0.000000
95.175879 0.000000
95.251256 0.000000
95.326633 0.000000
95.402010 0.000000
95.477387 0.000000
95.552764 0.000000
95.628141 0.000000
95.703518 0.000000
95.778894 0.000000
95.854271 0.000000
95.929648 0.000000
96.005025 0.000000
96.080402 0.000000
96.155779 0.000000
96.231156 0.000000
96.306533 0.000000
96.381910 0.000000
96.457286 0.000000
96.532663 0.000000
96.608040 0.000000
96.683417 0.000000
96.758794 0.000000
96.834171 0.000000
96.909548 0.000000
96.984925 0.000000
97.060302 0.000000
97.135678 0.000000
97.211055 0.000000
97.286432 0.000000
97.361809 0.000000
97.437186 0.000000
97.512563 0.000000
97.587940 0.000000
97.663317 0.000000
97.738693 0.000000
97.814070 0.000000
97.889447 0.000000
97.964824 0.000000
98.040201 0.000000
98.115578 0.000000
98.190955 0.000000
98.266332 0.000000
98.341709 0.000000
98.417085 0.000000
98.492462 0.000000
98.567839 0.000000
98.643216 0.000000
98.718593 0.000000
98.793970 0.000000
98.869347 0.000000
98.944724 0.000000
99.020101 0.000000
99.095477 0.000000
99.170854 0.000000
99.246231 0.000000
99.321608 0.000000
99.396985 0.000000
99.472362 0.000000
99.547739 0.000000
99.623116 0.000000
99.698492 0.000000
99.773869 0.000000
99.849246 0.000000
99.924623 0.000000
100.000000 0.000000
